4294967278,390
34,340
34,339
34,338
34,337
34,336
34,335
34,334
34,333
34,332
34,331
34,330
34,329
34,328
34,327
34,326
34,325
34,324
34,323
34,322
34,321
34,320
34,276
34,275
34,274
34,273
34,272
34,271
34,270
34,269
34,268
34,267
34,266
34,265
34,264
34,263
34,262
34,261
34,260
34,259
34,258
34,257
34,256
34,251
34,250
34,249
34,248
34,247
34,246
34,245
34,244
34,243
34,242
34,241
34,240
34,239
34,238
34,237
34,236
34,235
34,234
34,233
34,232
34,231
34,230
34,229
34,228
34,227
34,226
34,225
34,224
34,223
34,222
34,221
34,220
34,219
34,218
34,217
34,216
34,215
34,214
34,213
34,212
34,211
34,210
34,209
34,208
34,207
34,206
34,205
34,204
34,203
34,202
34,201
34,200
34,199
34,198
34,197
34,196
34,195
34,194
34,193
34,192
34,191
34,190
34,189
34,188
34,187
34,186
34,185
34,184
34,183
34,182
34,181
34,180
34,179
34,178
34,177
34,176
34,175
34,174
34,173
34,172
34,171
34,170
34,169
34,168
34,167
34,166
34,165
34,164
34,163
34,162
34,161
34,160
34,159
34,158
34,157
34,156
34,155
34,154
34,153
4294967278,389
34,152
34,151
34,150
34,149
34,148
34,147
34,146
34,145
34,144
34,143
34,142
34,141
34,140
34,139
34,138
34,137
34,136
34,135
34,134
34,133
34,132
34,131
34,130
34,129
34,128
34,127
34,126
34,125
34,124
34,123
34,122
34,121
34,120
34,119
34,118
34,117
34,116
34,115
34,114
34,113
34,112
34,111
34,110
34,109
34,108
34,107
34,106
34,105
34,104
34,103
34,102
34,101
34,100
34,99
34,98
34,97
34,96
34,95
34,94
34,93
34,92
34,91
34,90
4294967279,455
34,89
34,88
34,87
34,86
34,85
34,84
34,83
34,82
34,81
34,80
34,79
34,78
34,77
34,76
34,75
34,74
34,73
34,72
34,71
34,70
34,69
34,68
34,67
34,66
34,65
34,64
34,38
34,37
34,36
34,35
34,34
34,33
34,32
34,31
4294967294,987
4294967294,988
4294967294,475
4294967293,131
4294967293,130
4294967293,129
4294967293,128
4294967293,127
4294967293,126
4294967293,125
4294967293,124
4294967293,123
4294967293,122
4294967293,121
4294967293,120
4294967293,119
4294967293,118
4294967293,117
4294967293,116
4294967293,115
4294967293,114
4294967293,113
4294967293,112
4294967293,111
4294967293,110
4294967293,109
4294967293,108
4294967293,107
4294967293,106
4294967293,105
4294967293,104
4294967293,103
4294967293,102
4294967293,101
4294967293,100
4294967293,99
4294967293,98
4294967293,97
4294967293,96
4294967293,95
4294967293,94
4294967293,93
4294967293,92
4294967293,91
4294967293,90
4294967293,89
4294967293,88
4294967293,87
4294967293,86
4294967293,85
4294967293,84
4294967293,83
4294967293,82
4294967293,81
4294967293,80
4294967293,79
4294967293,78
4294967293,77
4294967293,76
4294967293,75
4294967293,74
4294967293,73
4294967293,72
4294967293,71
4294967293,70
4294967293,69
4294967293,68
4294967293,67
4294967293,66
4294967293,65
4294967293,64
4294967293,63
4294967293,62
4294967293,61
4294967293,60
4294967293,59
4294967293,58
4294967293,57
4294967293,56
4294967293,55
4294967293,54
4294967293,53
4294967293,52
4294967293,51
4294967293,50
4294967293,49
4294967293,48
4294967293,47
4294967293,46
4294967293,45
4294967293,44
4294967293,43
4294967293,42
4294967293,41
4294967293,40
4294967293,39
4294967293,38
4294967293,37
4294967293,36
4294967293,35
4294967293,34
4294967293,33
4294967293,32
4294967293,31
4294967293,30
4294967293,29
4294967293,28
4294967293,27
4294967293,26
4294967293,25
4294967293,24
4294967293,23
4294967293,22
4294967293,21
4294967293,20
4294967293,19
4294967293,18
4294967293,17
4294967293,16
4294967293,15
4294967293,14
4294967293,13
4294967293,12
4294967293,11
4294967293,10
4294967293,9
4294967293,8
4294967293,7
4294967293,6
4294967293,5
4294967293,4
4294967293,3
4294967293,2
4243767290,0
